face 1
[[[ 94 112 129]
  [ 88 106 123]
  [ 90 108 125]
  ...
  [209 214 217]
  [213 218 221]
  [213 218 221]]

 [[ 65  83 100]
  [ 60  78  95]
  [ 59  79  97]
  ...
  [212 217 220]
  [213 218 221]
  [213 218 221]]

 [[ 32  52  70]
  [ 27  47  65]
  [ 22  43  64]
  ...
  [217 222 225]
  [210 214 215]
  [209 213 214]]

 ...

 [[120 157 195]
  [120 156 194]
  [109 145 183]
  ...
  [105 141 165]
  [ 97 135 159]
  [ 98 133 153]]

 [[116 155 193]
  [119 156 194]
  [109 147 182]
  ...
  [108 143 169]
  [100 137 163]
  [100 134 158]]

 [[112 154 189]
  [125 167 202]
  [105 148 181]
  ...
  [108 142 171]
  [103 136 169]
  [100 129 160]]]

  [[[ 23  32  29]
  [ 37  45  44]
  [ 55  61  60]
  ...
  [151 156 157]
  [168 174 173]
  [143 149 148]]

 [[ 24  32  31]
  [ 40  48  48]
  [ 60  65  66]
  ...
  [164 169 170]
  [158 163 164]
  [145 150 151]]

 [[ 21  31  31]
  [ 46  55  58]
  [ 60  66  71]
  ...
  [173 180 183]
  [147 155 155]
  [146 154 154]]

 ...
face 2
 [[ 23  35  53]
  [ 18  28  45]
  [ 11  21  38]
  ...
  [ 17  32  58]
  [ 38  54  77]
  [ 24  41  62]]

 [[ 18  30  48]
  [ 14  27  43]
  [ 15  25  42]
  ...
  [ 26  43  69]
  [ 45  62  88]
  [ 41  57  80]]

 [[  8  20  38]
  [ 18  31  47]
  [ 18  29  43]
  ...
  [ 30  50  75]
  [ 39  59  84]
  [ 59  76 102]]]
